1000000 128
[[  0.  16.  35. ...  25.  23.   1.]
 [ 14.  35.  19. ...  11.  21.  33.]
 [  0.   1.   5. ...   4.  23.  10.]
 ...
 [ 30.  12.  12. ...  50.  10.   0.]
 [  0.   5.  12. ...   1.   2.  13.]
 [114.  31.   0. ...  25.  16.   0.]]
10000 128
[[  1.   3.  11. ...  42.  48.  11.]
 [ 40.  25.  11. ...   3.  19.  13.]
 [ 28.   4.   3. ...   2.  54.  47.]
 ...
 [  0.  15.  64. ...   3.  62. 118.]
 [131.   2.   0. ...   7.   0.   0.]
 [ 23.   0.   0. ...  79.  16.   4.]]
10000 100
[[232.87122 234.71472 243.98976 ... 288.75076 288.81656 288.90482]
 [226.24544 229.28148 234.12177 ... 257.82745 258.01938 258.22665]
 [175.4765  176.3264  183.32484 ... 213.92055 214.07475 214.10745]
 ...
 [211.      219.00685 220.14087 ... 265.57108 265.78    266.53705]
 [208.48502 225.04443 233.8461  ... 290.68024 290.72495 290.74216]
 [199.43921 209.28688 216.01157 ... 252.93675 253.05336 253.2548 ]]
Dataset: sift-128-euclidean
row: 1000000, col: 128
Loading existing subgraph from ../../datasets/sift-128-euclidean/graph/full_graph.pkl
KNN Graph
row: 1000000, col: 64
Queries
row: 10000, col: 128
Search on built CAGRA graph index
@factory -> single_cta_search

@cagra_search.cuh -> max_queries: 10000
@cagra_search.cuh -> min_iterations: 0
@cagra_search.cuh -> max_iterations: 71
@cagra_search.cuh -> team_size: 8
@cagra_search.cuh -> thread_block_size: 64
@cagra_search.cuh -> topk(k): 10
@cagra_search.cuh -> itopk_size(M): 64
@cagra_search.cuh -> search_width(p): 1
@cagra_search.cuh -> graph_degree(d): 64
@cagra_search.cuh -> dataset_desc.dim: 128
@cagra_search.cuh -> queries.extent(0): 10000, queries.extent(1): 128
dim3 thread_dims(block_size, 1, 1): 64
  dim3 block_dims(1, num_queries, 1): 10000
@select_and_run->Launching kernel with 64 threads, 10000 block 2580 smem
@search_kernel ->
  TEAM_SIZE: 8
  M: 64
  p: 1
  d: 64
  k: 10
<iter = 0>: 157223 874954 592685 310416 947582 342747 383044 778209 737941 455672 528271 246002 528300 923465 318630 162179 395915 113646 831377 549108 28154 423319 463616 858781 976633 694364 766963 484694 608872 4037 399202 794367 347951 query_id: 3334, thread_id: 63, clk_init: 7871, 1st_distance: 175798, topk: 1086723, reset_hash: 29726, pickup_parents: 0, restore_hash: 68391, distance: 6587323
query_id: 3334, thread_id: 0, clk_init: 7871, 1st_distance: 175800, topk: 1111265, reset_hash: 5236, pickup_parents: 39989, restore_hash: 3295, distance: 6587298
65682 783413 501144 138310 981859 573772 417321 612429 330160 402759 120490 402788 797953 193118 36667 35027 752758 470489 188220 218882 62431 654344 497893 851121 568852 89835 807566 483360 878525 273690 117239 202455 920186 637917 355648 992814 387979 979892 823441 334789 52520 573503 query_id: 6667, thread_id: 63, clk_init: 10608, 1st_distance: 189260, topk: 1135027, reset_hash: 27029, pickup_parents: 0, restore_hash: 59115, distance: 7031591
291234 query_id: 6667, thread_id: 0, clk_init: 10608, 1st_distance: 189261, topk: 1156830, reset_hash: 5160, pickup_parents: 36982, restore_hash: 3144, distance: 7031652
125148 968697 363862 759027 73627 791358 509089 226820 705866 101031 141328 536493 654345 372076 893059 610790 286584 681749 76914 920463 393183 110914 828645 546376 183542 578707 619004 14169 657661 375392 447991 165722 999636 843185 238350 633515 712739 430470 148201 865932 344978 740143 780440 175605 528833 246564 767547 485278 161072 556237 399786 794951 

<iter = 0>
2148403834 858781 681749 218882 968697 125148 417321 843185 483360 395915 399786 4037 62431 759027 202455 794367 528300 712739 865932 28154 36667 110914 740143 387979 578707 148201 372076 619004 705866 797953 592685 823441 141328 286584 113646 484694 165722 637917 246002 610790 455672 992814 828645 347951 767547 120490 162179 73627 402788 947582 549108 35027 923465 334789 238350 344978 355648 393183 608872 138310 851121 470489 657661 654345 921732 919443 226939 919347 923099 919425 931313 98898 604906 369528 868284 919520 712263 928552 731981 900793 921892 289629 435345 63943 91402 844918 11880 755034 70087 169428 223741 920498 379889 77983 920013 668019 374590 379993 605723 379813 380265 669179 303000 542109 252095 822616 12879 883963 110996 207716 12411 68799 440700 491635 915756 872442 18113 919116 18887 369426 658479 876175 907388 412808 465266 71312 635535 912871 

<iter = 1>
2147918993 920498 919520 921732 919116 12879 604906 844918 883963 63943 303000 2148403834 919347 872442 920013 12411 921892 440700 98898 223741 379993 868284 379889 379813 919443 207716 374590 91402 380265 858781 542109 907388 919425 658479 289629 465266 169428 18887 11880 635535 77983 915756 369426 755034 668019 681749 412808 928552 218882 931313 70087 968697 125148 226939 417321 712263 923099 843185 912871 876175 731981 369528 395915 483360 435923 931721 62058 791852 683489 595659 15874 629028 915146 429966 933089 395043 931689 994867 260028 934326 192498 963776 172378 792391 915482 842540 912623 391452 569837 537946 607933 431259 131003 911639 271314 65138 550477 748971 395588 550789 552936 403417 219197 958135 15502 246484 333616 553378 795914 224720 659425 273252 538785 194436 209315 679986 390563 596876 633995 4294967295 933779 266162 271270 356114 192454 201884 933207 4163 

<iter = 2>
2147918993 2148275500 915482 569837 931721 792391 931689 201884 266162 538785 172378 920498 395043 629028 933207 435923 607933 919520 260028 933779 246484 915146 431259 921732 912623 919116 403417 911639 748971 12879 604906 356114 883963 844918 63943 15874 659425 62058 963776 552936 390563 795914 303000 842540 271314 2148403834 919347 192498 683489 65138 391452 872442 920013 550477 12411 553378 550789 131003 921892 633995 429966 440700 994867 98898 4294967295 268032 225772 382188 153440 792640 842284 266110 887782 579460 210327 4294967295 505815 203754 320079 867139 516264 681914 16429 842282 59962 791888 594825 201832 885796 670692 196954 271301 517403 16388 192644 271460 108523 690619 591325 87578 60931 752770 908244 505259 14438 607853 840723 793446 736471 733035 772297 391249 338847 681992 1895 319894 277374 198558 747907 869161 161787 399630 834312 403567 604922 149315 233705 869004 

<iter = 3>
2147918993 2148391892 87578 2148275500 915482 569837 16429 931721 792391 931689 266162 201884 594825 538785 172378 834312 108523 920498 395043 629028 933207 435923 690619 607933 60931 919520 885796 260028 271301 201832 266110 933779 915146 246484 431259 382188 59962 579460 912623 921732 403417 919116 911639 505815 12879 748971 356114 604906 883963 844918 15874 225772 63943 153440 792640 62058 552936 659425 795914 963776 842540 390563 403567 303000 913505 584478 561813 382714 565419 913288 977247 608962 562814 4294967295 25519 670103 565476 842499 486457 584003 899267 871568 19179 681100 811700 880346 112891 595090 842476 406938 807000 839782 253993 627873 144469 530922 287360 697166 15386 868220 594643 167059 907794 701864 932770 861907 630627 145684 91348 974147 678876 772327 13568 413758 985237 875095 455537 3615 225116 700094 268234 203956 591006 752504 941975 695756 17571 434481 

<iter = 4>
2148045461 695756 2147918993 455537 2148391892 565419 87578 871568 225116 2148275500 915482 486457 569837 16429 91348 931721 670103 792391 931689 266162 201884 253993 913505 594825 811700 538785 772327 172378 807000 834312 108523 920498 629028 395043 933207 595090 690619 435923 607933 880346 60931 3615 885796 919520 271301 260028 201832 562814 933779 266110 915146 246484 382188 941975 431259 977247 15386 579460 59962 839782 921732 842476 919116 912623 565484 985197 465294 113616 931632 561111 879793 68461 225111 989333 454067 4294967295 564571 732473 58628 678385 977604 830820 451258 158301 164763 930415 871066 134611 544202 701258 842224 831228 683620 780037 668140 12840 895431 4294967295 444325 867930 4294967295 664267 482280 885904 946002 886630 948174 449948 690765 834368 12980 734295 535581 793600 4294967295 800130 650194 736734 923090 564713 20822 959183 387851 877068 621652 886624 385899 256168 

<iter = 5>
2148045461 2148179404 2147918993 701258 455537 2148391892 565419 931632 886630 871066 87578 871568 225116 565484 2148275500 915482 544202 486457 732473 465294 569837 678385 16429 91348 931721 670103 879793 12840 792391 985197 12980 931689 266162 201884 913505 253993 811700 594825 895431 538785 172378 772327 20822 807000 108523 834312 920498 977604 830820 395043 595090 629028 454067 933207 690619 435923 607933 880346 60931 3615 68461 919520 885796 225111 696062 684684 318526 706604 268070 578358 966284 595849 699648 580189 372912 708576 831264 779712 868391 751559 960208 450053 108681 684637 203792 704650 402219 538805 330156 251771 573620 207150 795468 4294967295 934876 932085 259327 267348 203070 299430 176934 316178 482735 295291 942052 625077 557194 123516 643 106788 432089 105990 938303 176517 342452 207080 6139 2176 98187 598198 74200 183149 896307 169695 72381 85718 4294967295 621357 

<iter = 6>
2148415733 934876 2148045461 2148179404 2147918993 701258 455537 2148391892 565419 2176 931632 886630 779712 871066 87578 871568 225116 565484 2148275500 915482 544202 486457 732473 465294 569837 678385 16429 91348 931721 670103 879793 12840 985197 792391 696062 12980 201884 931689 253993 266162 594825 913505 538785 811700 772327 895431 172378 85718 20822 807000 108523 834312 920498 977604 330156 395043 629028 830820 595090 372912 454067 933207 690619 435923 4294967295 273419 657009 102903 888559 843306 209778 273520 1254 565814 490990 466310 378180 11859 59303 171939 650014 931855 194603 377591 928696 126931 666426 845066 691791 842230 570424 194704 561694 842262 457803 598215 137328 871619 885068 954816 68299 262257 592027 461102 580189 723879 965608 382365 932749 928760 128996 603746 782160 366827 570937 782331 840099 245571 236451 532103 883696 879512 799633 132129 593550 587350 669351 807070 

<iter = 7>
2148415733 2148418524 2148045461 2148179404 2147918993 701258 455537 2148391892 565419 565814 2176 931632 886630 68299 779712 871066 87578 871568 225116 565484 102903 2148275500 915482 544202 486457 732473 465294 569837 678385 16429 91348 931721 879793 670103 845066 931855 561694 12840 985197 792391 696062 12980 194603 931689 883696 273419 201884 266162 253993 236451 594825 913505 538785 811700 772327 895431 172378 85718 807000 570424 20822 377591 108523 834312 4294967295 731424 72977 866417 988993 793624 888693 72288 245147 60582 277475 4294967295 932570 746931 403950 831264 87648 710805 639760 639644 863154 746238 564474 578401 933319 4294967295 308335 198659 4294967295 480609 918287 4294967295 144141 316167 466310 487046 775523 550704 731919 100841 587588 393103 708413 285966 244538 244054 867316 627462 927875 528166 888118 86256 925081 4294967295 494322 32805 946685 70184 539018 136500 594689 310434 551308 224991 

<iter = 8>
2148415733 2148418524 2148045461 2148179404 2147918993 2148184906 455537 2148391892 746931 565419 565814 2176 931632 886630 68299 779712 871066 87578 871568 225116 565484 102903 2148275500 915482 544202 486457 732473 465294 569837 678385 16429 91348 670103 931721 931855 879793 12840 845066 792391 561694 12980 985197 696062 988993 931689 564474 194603 710805 883696 273419 201884 266162 253993 236451 594825 913505 746238 245147 538785 811700 772327 895431 172378 85718 701919 701108 989762 87759 87321 544275 374319 565750 396902 977640 86760 514091 544187 554637 730997 99623 777128 562167 933010 919197 872728 861507 870673 877202 88961 564517 374617 114316 412354 915605 877810 220005 619829 671081 966600 4294967295 820071 238750 104122 629490 95545 619289 273477 194661 4294967295 744176 4294967295 775845 605237 663044 744261 877310 502705 133003 230106 515884 608599 708450 871415 88584 619660 634776 668946 981406 

<iter = 9>
2148415733 2148418524 2148045461 2148179404 2147918993 2148184906 2147939185 872728 2148391892 619660 562167 746931 565419 565814 2176 931632 886630 68299 779712 871066 619829 701919 87578 871568 225116 565484 102903 2148275500 915482 544275 544202 486457 104122 732473 569837 465294 919197 374617 16429 678385 931721 91348 670103 989762 374319 87759 931855 879793 12840 845066 792391 561694 95545 985197 514091 12980 988993 565750 564474 696062 86760 931689 194603 710805 454263 15977 599710 886624 973550 740318 221817 4294967295 217292 454389 245804 981092 225874 13612 293551 205338 945303 670001 585960 184645 969771 4294967295 839679 4294967295 221398 554509 562594 455038 820071 881246 269616 599567 4294967295 4294967295 727687 974147 551160 736791 976421 707976 352571 740148 88584 973617 183375 612907 413758 940278 362092 246345 22572 655302 731658 574941 865855 874914 183970 4294967295 399413 436350 245088 742762 746407 886925 

<iter = 10>
2148415733 2148418524 2148045461 2148179404 2147918993 2148184906 2147939185 2148356376 562594 2148391892 619660 562167 746931 565419 565814 2176 931632 454263 886630 68299 779712 871066 619829 701919 87578 871568 225116 565484 102903 2148275500 915482 544275 486457 544202 104122 732473 569837 465294 919197 374617 16429 678385 931721 91348 670103 989762 293551 87759 374319 839679 13612 879793 845066 931855 561694 12840 985197 792391 554509 95545 514091 12980 988993 565750 871600 478814 406804 4294967295 863252 826027 929369 940771 545598 899851 929921 899267 111734 798497 22186 380345 931689 608962 910119 379837 544546 931035 4294967295 352241 397957 772533 772041 937407 528935 850199 270075 845438 930800 4294967295 184152 629028 184645 932253 112935 883849 4294967295 4294967295 114440 568573 40515 731919 903716 704660 8271 881246 4294967295 595090 607511 935109 385936 67181 598635 604335 474593 251894 811700 893601 882946 907398 

<iter = 11>
2148415733 2148418524 2148045461 2148179404 2147918993 2148184906 2147939185 2148356376 2148046242 2148391892 893601 619660 562167 746931 565419 568573 565814 2176 931632 454263 910119 886630 68299 779712 871066 619829 701919 87578 871568 478814 225116 565484 2148275500 102903 544275 915482 544202 882946 732473 486457 465294 104122 374617 569837 678385 919197 91348 16429 989762 931721 871600 670103 293551 87759 374319 839679 13612 879793 845066 931855 12840 929921 561694 883849 4294967295 565750 762590 876891 4294967295 535190 722935 522282 146713 406804 958426 861173 565561 917136 680351 538852 629396 245088 868011 798863 4294967295 955126 98054 59844 144314 833796 564605 933010 563678 148938 861507 518146 825468 226486 213041 977247 872442 4294967295 844918 886658 4294967295 906136 4294967295 115181 269845 205567 487046 907762 714442 593937 251870 670001 984909 113757 486428 4294967295 164222 226016 591385 70479 377461 404581 842594 390994 

<iter = 12>
2148415733 2148418524 2148045461 2148179404 2147918993 2148184906 2147939185 2148356376 2148046242 2148391892 2148377249 619660 562167 746931 565419 568573 565814 2176 931632 454263 910119 886630 68299 779712 871066 619829 701919 87578 871568 478814 225116 565484 2148275500 102903 544275 915482 882946 59844 486457 544202 104122 732473 569837 465294 919197 374617 16429 678385 931721 91348 670103 989762 87759 871600 839679 293551 879793 374319 931855 13612 929921 845066 883849 12840 869518 4294967295 563459 893690 244305 882943 528084 402997 543814 542075 154262 870467 577058 618627 205335 687117 843384 59455 534036 622882 844786 539707 412055 315104 525872 269613 828319 71489 481385 4294967295 962558 844175 945126 731584 368776 843080 3615 706815 690596 369160 184695 464278 420004 3121 378158 383452 236451 301707 845118 438644 236407 862125 681110 835607 4294967295 14812 12810 504678 832383 898959 4294967295 929890 14353 707494 

<iter = 13>
2148415733 2148418524 2148045461 2148179404 2147918993 2148184906 2147939185 2148356376 2148046242 2148391892 2148377249 2148103308 562167 746931 565419 568573 565814 2176 931632 454263 910119 843384 886630 68299 779712 871066 619829 701919 87578 871568 478814 225116 102903 565484 915482 2148275500 59844 544275 544202 882946 732473 486457 465294 104122 374617 569837 678385 919197 91348 16429 989762 931721 871600 670103 293551 87759 374319 839679 13612 879793 845066 931855 12840 929921 619363 4294967295 999945 893585 134295 502966 628330 998296 579317 843560 487046 4294967295 593937 921531 37523 314655 959729 708450 981092 813576 728255 886624 439709 233545 679408 461228 437680 720930 753248 225516 13223 960151 579192 840983 490556 415949 486428 339599 620305 762044 533263 597989 4294967295 434504 974147 83614 956795 762121 139697 160566 20636 275599 317587 196783 893221 932194 562057 50113 72687 259498 932171 241524 928461 272021 

<iter = 14>
2148415733 2148418524 2148045461 2148179404 2147918993 2148184906 2147939185 2148356376 2148046242 2148391892 2148377249 2148103308 2148045815 746931 565419 568573 565814 2176 931632 454263 910119 843384 886630 68299 779712 871066 619829 701919 87578 871568 478814 225116 102903 565484 915482 2148275500 59844 544275 544202 882946 732473 486457 465294 104122 374617 569837 678385 919197 91348 16429 989762 931721 871600 670103 293551 87759 374319 839679 679408 879793 931855 13612 929921 845066 4294967295 565750 404167 146799 535190 4294967295 958426 563526 652478 958552 887782 399982 224619 883849 131066 198156 98054 4294967295 600499 522282 626365 476480 148938 518146 882961 798863 906291 127550 522517 859367 276972 514091 839706 486428 4294967295 861173 844918 984909 4294967295 574956 907762 514097 487046 896246 505619 4294967295 670001 4294967295 142690 144314 562057 709055 405764 732398 762590 882 237161 745404 565882 565561 948593 666619 17623 4294967295 

<iter = 15>
2148415733 2148418524 2148045461 2148179404 2147918993 2148184906 2147939185 2148356376 2148046242 2148391892 2148084147 2148377249 2148103308 2148045815 746931 565419 568573 565814 2176 931632 454263 910119 843384 886630 68299 779712 871066 619829 701919 882 87578 871568 225116 478814 102903 565484 915482 2148275500 59844 544275 882961 882946 486457 544202 104122 732473 237161 465294 374617 569837 678385 919197 91348 16429 989762 931721 871600 670103 293551 87759 374319 839679 679408 879793 600522 543694 207871 865653 718902 543330 618183 4294967295 485161 404167 744176 734830 988444 221339 819322 454389 376207 390777 94942 870928 270289 870116 4294967295 870100 14970 222238 962570 710969 206011 876463 955589 840365 663245 503999 301882 385437 141844 819668 727352 530529 924240 860858 491343 4294967295 868241 880388 633108 131066 744261 632885 745404 920621 380345 893944 511003 4294967295 88584 113025 504802 310070 95545 304500 564914 874534 

<iter = 16>
2148415733 2148418524 2148045461 2148179404 2147918993 2148184906 2147939185 2148356376 2148046242 2148391892 2148084147 2148377249 2148103308 2148045815 2148230579 565419 568573 565814 2176 931632 454263 910119 843384 886630 68299 779712 871066 619829 701919 882 87578 871568 225116 478814 102903 565484 915482 2148275500 59844 544275 882961 882946 544202 221339 732473 486457 564914 104122 237161 465294 374617 569837 678385 919197 91348 16429 989762 931721 871600 670103 87759 390777 839679 293551 207296 4294967295 172926 721252 394507 4294967295 4294967295 874836 4294967295 929268 4294967295 966600 868469 4294967295 88697 390498 14730 886907 707280 544100 278549 887051 431198 70194 408470 497060 199733 800967 956733 873898 839773 734830 318123 4294967295 449008 932068 543933 982609 4294967295 61099 843333 556401 866419 784318 64070 918937 811774 862399 491960 486106 996618 870673 965138 158944 804553 215238 983028 785139 13342 858340 480609 929974 403950 583101 

<iter = 17>
2148415733 2148418524 2148045461 2148179404 2147918993 2148184906 2147939185 2148356376 2148046242 2148391892 2148084147 2148377249 2148103308 2148045815 2148230579 2148049067 568573 565814 2176 931632 454263 910119 843384 886630 68299 779712 871066 619829 701919 882 87578 871568 225116 478814 102903 565484 915482 2148275500 59844 544275 882961 882946 544202 221339 486457 394507 104122 732473 465294 564914 569837 237161 956733 374617 678385 919197 91348 16429 989762 931721 871600 670103 87759 390777 4294967295 933949 182885 10348 865410 913505 565476 463781 973809 10479 843272 4294967295 562814 842594 4294967295 920774 170348 224263 806773 400057 4294967295 4294967295 95139 868220 594825 839782 608962 245088 271314 963795 670411 682025 988628 966942 4294967295 15386 15295 453447 593937 396399 946685 103652 652837 393519 484877 25519 465918 394812 932652 13568 207785 933779 146713 162232 108430 170996 304081 156516 119649 126437 21046 883963 400490 957845 

<iter = 18>
2148415733 2148418524 2148045461 2148179404 2147918993 2148184906 2147939185 2148356376 2148046242 2148391892 2148084147 2148377249 2148103308 2148045815 2148230579 2148049067 2148052221 565814 2176 931632 454263 910119 843384 886630 68299 779712 871066 619829 701919 882 87578 224263 478814 871568 565484 225116 957845 102903 453447 2148275500 544275 915482 882946 59844 221339 882961 394507 544202 732473 486457 564914 104122 465294 806773 569837 237161 463781 374617 919197 956733 16429 678385 931721 91348 568111 224849 933601 853484 198126 760171 791988 716389 750221 879779 171663 156516 315803 780819 111734 543523 881165 276942 564313 931921 932005 563678 4294967295 843697 13043 72761 880352 100459 543387 54960 998957 225511 844246 68581 377461 670103 318232 716169 753423 565476 447111 826707 900682 907429 627025 4294967295 716337 998753 387396 539815 899581 916279 153146 17817 241229 712948 74610 393120 561554 16230 831924 511468 563526 915852 

<iter = 19>
2148415733 2148418524 2148045461 2148179404 2147918993 2148184906 2147939185 2148356376 2148046242 2148391892 2148084147 2148377249 2148103308 2148045815 2148230579 2148049067 2148052221 2148049462 2176 931632 454263 910119 843384 886630 68299 779712 871066 619829 701919 882 87578 224263 478814 871568 565484 225116 171663 102903 2148275500 957845 915482 453447 59844 544275 882961 882946 544202 221339 486457 394507 104122 732473 806773 564914 237161 465294 374617 569837 956733 463781 678385 919197 91348 16429 563610 60536 603342 598394 14326 571946 457803 4294967295 754070 325658 752520 872411 267861 955126 63329 224388 602433 845066 598215 869662 790270 487724 356669 63719 749501 474476 390583 225930 863799 538785 203583 383299 18749 455851 621357 962058 179363 403305 693393 4294967295 265331 178556 201053 976596 4294967295 670001 644959 460718 15386 711476 841357 92139 827105 800651 698132 438290 737715 745401 492235 321376 888568 267373 203095 888118 

<iter = 20>
2148415733 2148418524 2148045461 2148179404 2147918993 2148184906 2147939185 2148356376 2148046242 2148391892 2148084147 2148377249 2148103308 2148045815 2148230579 2148049067 2148052221 2148049462 2147485824 931632 454263 910119 843384 886630 68299 779712 871066 619829 701919 882 87578 224263 478814 871568 565484 225116 171663 102903 2148275500 957845 915482 453447 59844 544275 882961 882946 544202 221339 486457 394507 104122 732473 806773 564914 237161 465294 374617 569837 956733 463781 678385 919197 91348 16429 868391 396582 248156 261219 535686 829696 619267 981 807000 223812 480765 391655 868214 396399 679408 227019 14514 882943 238549 251583 526856 380434 127674 387012 562814 391082 561338 595246 12648 45256 4294967295 4294967295 184695 105961 107061 498609 690335 925684 224651 95482 325031 58274 691343 58212 806744 971717 745404 584108 298265 571915 4294967295 562556 58179 33241 49874 619120 492361 16807 110416 272463 328542 193647 140677 970803 

<iter = 21>
2148415733 2148418524 2148045461 2148179404 2147918993 2148184906 2147939185 2148356376 2148046242 2148391892 2148084147 2148377249 2148103308 2148045815 2148230579 2148049067 2148052221 2148049462 2147485824 2148415280 454263 910119 843384 886630 68299 779712 871066 49874 619829 701919 882 87578 871568 224263 225116 478814 565484 391655 171663 102903 2148275500 957845 915482 453447 59844 544275 882961 882946 544202 221339 486457 394507 104122 732473 806773 564914 237161 465294 374617 569837 956733 463781 678385 919197 915138 561488 800475 379417 956844 206963 931948 514091 800956 911272 313937 885754 126613 311750 668140 4294967295 207684 219355 940365 614480 885977 857899 747393 484288 4294967295 843563 862380 134858 482280 732329 911591 220539 4294967295 954962 618071 713079 564043 207744 910069 500851 223514 541788 758561 564009 870391 59401 4294967295 678317 961343 879719 68461 207713 934433 66369 780037 885922 544933 907928 667757 668004 521869 4294967295 480182 22186 

<iter = 22>
2148415733 2148418524 2148045461 2148179404 2147918993 2148184906 2147939185 2148356376 2148046242 2148391892 2148084147 2148377249 2148103308 2148045815 2148230579 2148049067 2148052221 2148049462 2147485824 2148415280 2147937911 910119 843384 886630 68299 779712 871066 49874 619829 701919 882 87578 871568 224263 225116 478814 565484 391655 171663 102903 2148275500 957845 915482 453447 59844 544275 882961 882946 544202 221339 486457 394507 104122 732473 806773 564914 237161 465294 374617 569837 956733 463781 678385 919197 454389 166492 856555 4294967295 841390 454307 155779 896246 957475 4294967295 88584 380345 203023 315588 731363 390750 454467 298265 710969 267301 4294967295 543330 205119 491343 4527 206301 532099 988444 494029 880388 976421 124692 670001 710644 897991 134042 460792 865653 881246 370132 619602 703405 431057 13852 462203 325658 888693 679463 462257 663044 663469 270579 890480 486428 361563 252112 460867 327916 463444 4294967295 637687 269397 460516 707494 

<iter = 23>
2148415733 2148418524 2148045461 2148179404 2147918993 2148184906 2147939185 2148356376 2148046242 2148391892 2148084147 2148377249 2148103308 2148045815 2148230579 2148049067 2148052221 2148049462 2147485824 2148415280 2147937911 2148393767 843384 886630 68299 779712 871066 49874 619829 701919 882 87578 871568 224263 225116 478814 565484 391655 171663 102903 2148275500 957845 915482 453447 59844 544275 882961 882946 544202 221339 486457 394507 104122 732473 710644 564914 465294 806773 569837 237161 463781 374617 919197 956733 914188 931721 914265 713079 19358 840781 515743 636738 4294967295 931689 374319 880023 4294967295 476803 64213 909245 385267 725585 556209 541845 868610 405885 920363 481040 436964 932969 876511 473658 880050 52928 515353 564313 385415 840929 933207 863299 19323 795655 4294967295 396972 986590 883696 907190 85504 705956 313937 396892 919360 40515 843212 898959 477551 981656 781150 932068 502632 983628 396896 561488 998990 886359 422494 293532 480083 

<iter = 24>
2148415733 2148418524 2148045461 2148179404 2147918993 2148184906 2147939185 2148356376 2148046242 2148391892 2148084147 2148377249 2148103308 2148045815 2148230579 2148049067 2148052221 2148049462 2147485824 2148415280 2147937911 2148393767 2148327032 886630 68299 779712 871066 49874 619829 701919 882 87578 871568 224263 225116 478814 541845 391655 102903 565484 957845 171663 453447 2148275500 544275 915482 882946 59844 221339 882961 544202 556209 486457 394507 104122 732473 710644 564914 465294 806773 569837 237161 463781 374617 863299 412381 677785 65528 462910 391082 377866 879805 679865 413854 830820 412055 880352 62152 4294967295 733041 490990 252512 744260 481385 755025 396658 4294967295 36093 474309 14277 871048 678392 885754 472945 58043 564313 315803 880695 368776 161545 935301 11983 226862 670001 465023 376522 8582 4294967295 211696 481438 867637 264292 200014 930800 376161 395467 944418 4385 76644 470225 704690 742411 903900 706325 465062 668189 980761 667889 

<iter = 25>
2148415733 2148418524 2148045461 2148179404 2147918993 2148184906 2147939185 2148356376 2148046242 2148391892 2148084147 2148377249 2148103308 2148045815 2148230579 2148049067 2148052221 2148049462 2147485824 2148415280 2147937911 2148393767 2148327032 2148370278 68299 779712 871066 49874 619829 701919 882 87578 871568 224263 225116 478814 541845 391655 102903 565484 957845 171663 453447 2148275500 544275 915482 882946 59844 221339 882961 544202 556209 486457 394507 104122 732473 710644 564914 465294 806773 871048 237161 374617 569837 886726 887323 874836 930567 482980 887051 682036 682027 873898 734253 931722 892741 595102 4294967295 744176 226690 563998 473337 868241 14806 670138 912866 67491 989762 670438 932068 4294967295 12902 431198 656997 970387 473341 262769 147812 988993 23034 703365 956733 593945 532589 999171 266520 840733 202242 495530 969255 603674 564080 622172 732637 215135 574956 859233 734295 340058 561446 797379 638181 743051 564043 931948 732630 959912 22571 

<iter = 26>
2148415733 2148418524 2148045461 2148179404 2147918993 2148184906 2147939185 2148356376 2148046242 2148391892 2148084147 2148377249 2148103308 2148045815 2148230579 2148049067 2148052221 2148049462 2147485824 2148415280 2147937911 2148393767 2148327032 2148370278 2147551947 779712 871066 49874 619829 701919 882 87578 871568 224263 225116 478814 541845 391655 102903 565484 957845 171663 453447 2148275500 930567 915482 59844 544275 882961 882946 556209 221339 394507 544202 732473 486457 564914 104122 806773 710644 237161 465294 569837 871048 4294967295 267044 4009 4294967295 345092 399413 4294967295 619559 514158 202766 825367 689118 556171 471368 146799 661199 60433 128141 609594 552356 231371 859447 629396 631033 565750 72306 4294967295 16932 266162 734544 491088 959133 74735 287124 164670 93151 856613 813925 825393 928760 825468 661839 681304 4294967295 4294967295 535190 657429 2837 780819 288108 72761 958426 861741 201884 484086 522517 564961 689718 224849 226910 159953 378581 751392 920498 

<iter = 27>
2148415733 2148418524 2148045461 2148179404 2147918993 2148184906 2147939185 2148356376 2148046242 2148391892 2148084147 2148377249 2148103308 2148045815 2148230579 2148049067 2148052221 2148049462 2147485824 2148415280 2147937911 2148393767 2148327032 2148370278 2147551947 2148263360 871066 49874 619829 701919 882 87578 4009 224263 478814 871568 391655 225116 565484 541845 102903 2837 171663 159953 2148275500 957845 915482 453447 544275 930567 882946 59844 221339 882961 544202 556209 486457 394507 104122 732473 710644 564914 465294 806773 779299 148613 911609 356406 598441 928422 779317 519172 4294967295 880346 4294967295 90051 394039 357008 538010 843524 523928 16429 14218 867317 960928 484560 826087 705714 697222 942150 358921 932604 85718 185745 117176 145931 933435 298696 483880 925875 386802 326308 4294967295 604335 696758 267330 293551 203052 605170 788160 4294967295 402873 62816 934232 15412 726112 535726 868391 548483 841569 308335 318526 543829 396632 572864 827953 472959 113569 

<iter = 28>
2148415733 2148418524 2148045461 2148179404 2147918993 2148184906 2147939185 2148356376 2148046242 2148391892 2148084147 2148377249 2148103308 2148045815 2148230579 2148049067 2148052221 2148049462 2147485824 2148415280 2147937911 2148393767 2148327032 2148370278 2147551947 2148263360 2148354714 49874 619829 701919 882 87578 4009 224263 478814 871568 391655 225116 565484 541845 102903 2837 171663 159953 2148275500 957845 915482 453447 544275 930567 882946 59844 221339 882961 544202 556209 486457 394507 104122 732473 710644 564914 465294 806773 4294967295 391667 956733 929241 237161 722935 454909 329902 933732 132336 236119 4294967295 80046 236941 886361 208318 990883 433780 603674 935301 842653 929158 63349 54960 100389 544680 758561 36538 538699 408726 29172 36267 834368 135658 375368 4294967295 21655 514091 494472 131006 712352 12458 778487 377461 143884 93740 840690 4294967295 453970 924658 498244 4938 403442 280741 378271 158311 286878 509850 752006 21285 743428 853484 751331 377483 

<iter = 29>
2148415733 2148418524 2148045461 2148179404 2147918993 2148184906 2147939185 2148356376 2147520186 2148046242 2148391892 2148084147 2148377249 2148103308 2148045815 2148230579 2148049067 2148052221 2148049462 36267 2147485824 2148415280 2147937911 2148393767 2148327032 2148370278 2147551947 2148263360 2148354714 49874 619829 701919 87578 882 4009 224263 478814 871568 391655 225116 565484 541845 102903 2837 171663 159953 2148275500 957845 915482 453447 544275 930567 882946 59844 221339 882961 544202 556209 486457 394507 104122 732473 710644 564914 4294967295 629511 899809 36139 841351 407971 4294967295 183931 903963 36160 480497 368702 295984 886222 4294967295 998008 862380 833796 207777 441677 349884 956632 878227 913075 70562 4294967295 4294967295 565104 585380 956844 58299 871048 70791 862469 758746 20822 620699 662798 577058 896239 861855 563809 777464 103276 60404 69607 79749 931713 41836 21046 563655 886361 74192 324399 71647 338655 574775 137556 131499 979181 326634 309104 970024 73328 

<iter = 30>
2148415733 2148418524 2148045461 2148179404 2147918993 2148184906 2147939185 2148356376 2147520186 2148046242 2148391892 2148084147 2148377249 2148103308 2148045815 2148230579 2148049067 2148052221 2148049462 2147519915 2147485824 2148415280 2147937911 2148393767 2148327032 2148370278 2147551947 2148263360 2148354714 49874 886222 480497 701919 619829 87578 882 4009 224263 478814 871568 391655 225116 565484 541845 102903 2837 171663 159953 2148275500 957845 453447 368702 930567 915482 59844 544275 899809 882946 221339 882961 544202 556209 486457 394507 36139 931713 326634 4294967295 187588 4294967295 4294967295 329098 861855 862469 95139 998150 574941 4294967295 324399 660126 998753 20822 839748 956632 441677 928461 933255 826707 999945 702762 36160 586369 254318 92580 619848 999209 577058 869494 521791 331941 74192 855842 212621 837343 74574 94057 4294967295 178408 9814 544801 60734 797820 660896 178778 341251 762590 820071 4294967295 258676 819810 21046 919548 878227 758178 456528 495498 977296 998296 

<iter = 31>
2148415733 2148418524 2148045461 2148179404 2147918993 2148184906 2147939185 2148356376 2147520186 2148046242 2148391892 2148084147 2148377249 2148103308 2148045815 2148230579 2148049067 2148052221 2148049462 2147519915 2147485824 2148415280 2147937911 2148393767 2148327032 2148370278 2147551947 2148263360 2148354714 2147533522 886222 480497 701919 619829 87578 882 4009 224263 478814 871568 391655 225116 565484 541845 102903 2837 171663 159953 2148275500 957845 453447 368702 930567 915482 59844 544275 899809 882946 221339 882961 544202 556209 486457 394507 909916 225485 561295 984909 4294967295 59344 37332 74610 399485 4294967295 880300 853686 376962 696109 532099 99555 88961 314281 63349 374617 561694 703114 4294967295 390182 374319 274470 4294967295 4294967295 312682 100088 4294967295 140644 49888 376039 4294967295 843089 440258 916303 72306 507931 225595 454886 281414 561735 543523 820116 58299 489302 690201 4294967295 412381 393120 935116 993681 72761 819336 185064 839804 311158 59033 564260 334824 838298 181176 

<iter = 32>
2148415733 2148418524 2148045461 2148179404 2147918993 2148184906 2147939185 2148356376 2147520186 2148046242 2148391892 2148084147 2148377249 2148103308 2148045815 2148230579 2148049067 2148052221 2148049462 2147519915 2147485824 2148415280 2147937911 2148393767 2148327032 2148370278 2147551947 2148263360 2148354714 2147533522 2148369870 480497 701919 619829 87578 882 4009 224263 478814 871568 391655 225116 565484 541845 102903 2837 171663 159953 2148275500 957845 453447 368702 930567 915482 59844 544275 899809 882946 221339 882961 544202 556209 486457 394507 658807 349884 886361 207684 4294967295 669882 99059 862380 667795 58299 887540 858440 498715 594115 886452 911524 858200 929411 225571 499423 36160 892794 886120 882731 294458 871048 521869 958020 906055 868280 36139 704164 216164 4294967295 690201 703473 412381 226567 480433 367409 516150 348485 394538 823445 689981 4294967295 584936 929268 996663 945924 989627 600522 4294967295 647772 499639 841933 481942 347652 732345 75640 868495 468841 11045 806008 

<iter = 33>
2148415733 2148418524 2148045461 2148179404 2147918993 2148184906 2147939185 2148356376 2147520186 2148046242 2148391892 2148084147 2148377249 2148103308 2148045815 2148230579 2148049067 2148052221 2148049462 2147519915 2147485824 2148415280 2147937911 2148393767 2148327032 2148370278 2147551947 2148263360 2148354714 2147533522 2148369870 2147964145 701919 619829 87578 882 4009 224263 478814 871568 391655 225116 565484 541845 102903 2837 171663 159953 2148275500 957845 453447 368702 930567 915482 59844 544275 899809 882946 221339 882961 544202 556209 486457 394507 481315 480765 59344 252501 4294967295 74192 480687 722935 782458 564110 879897 4294967295 777056 861791 75640 274018 868391 868214 178778 16429 4294967295 861855 195202 4294967295 69393 74484 564111 826087 561910 4294967295 919381 307178 274750 195934 314974 626659 73328 117176 625570 530174 682025 40606 874635 85999 812085 845569 880028 249277 15892 542379 573464 859541 4294967295 178408 245088 4294967295 263347 618881 394111 293551 564716 574867 842587 879922 

<iter = 34>
2148415733 2148418524 2148045461 2148179404 2147918993 2148184906 2147939185 2148356376 2147520186 2148046242 2148391892 2148084147 2148377249 2148103308 2148045815 2148230579 2148049067 2148052221 2148049462 2147519915 2147485824 2148415280 2147937911 2148393767 2148327032 2148370278 2147551947 2148263360 2148354714 2147533522 2148369870 2147964145 701919 2148103477 87578 882 4009 224263 478814 871568 391655 225116 565484 541845 102903 2837 171663 159953 2148275500 957845 453447 368702 930567 915482 59844 544275 899809 882946 221339 882961 544202 556209 486457 394507 621226 4294967295 98187 844167 622881 977309 440327 623144 230106 748327 742261 598198 4294967295 174301 197670 4527 887093 727179 579736 406936 158944 708450 98091 36358 269616 159118 140632 276486 753107 798703 554102 629490 165696 220005 745759 692565 696649 585675 931203 161999 707835 578043 23034 724428 4294967295 744176 4294967295 798497 746238 721252 618755 4294967295 205338 671896 169695 71522 691318 413217 691518 4294967295 21522 721706 287103 733029 

<iter = 35>
2148415733 2148418524 2148045461 2148179404 2147918993 2148184906 2147939185 2148356376 2147520186 2148046242 2148391892 2148084147 2148377249 2148103308 2148045815 2148230579 2148049067 2148052221 2148049462 2147519915 2147485824 2148415280 2147937911 2148393767 2148327032 2148370278 2147551947 2148263360 2148354714 2148205354 2147533522 2148369870 2148103477 2147964145 882 701919 224263 87578 871568 4009 225116 478814 541845 391655 2837 565484 159953 102903 957845 171663 368702 2148275500 915482 453447 544275 930567 882946 59844 882961 899809 556209 221339 394507 544202 722837 506559 721370 473337 482662 621863 940018 404545 678512 494697 904911 722514 843560 68356 628330 977640 931420 403671 931623 36128 678385 225065 934744 594162 678392 627989 742680 260009 485161 19336 98627 441720 826157 220656 473696 691318 462234 15847 395959 596140 276972 198156 804553 842274 336489 142560 98187 4293 842152 113541 803743 803397 690300 482959 895671 920280 770777 601705 798448 785944 564065 18503 704637 730997 

<iter = 36>
2148415733 2148418524 2148045461 2148179404 2147918993 2148184906 2147939185 2148356376 2147520186 2148046242 2148391892 2148084147 2148377249 2148103308 2148045815 2148230579 2148049067 2148052221 2148049462 2147519915 2147485824 2148415280 2147937911 2148393767 2148327032 2148370278 2147551947 2148263360 2148354714 2148205354 2147533522 2148369870 2148103477 2147964145 882 2148185567 224263 87578 871568 4009 225116 478814 391655 904911 565484 541845 102903 2837 171663 159953 2148275500 957845 453447 368702 930567 915482 59844 544275 899809 882946 221339 882961 544202 556209 4294967295 166355 701108 931800 247095 87321 561302 374319 88961 730997 412785 210292 554612 77320 87759 544187 989762 618071 99623 62390 689633 220005 14066 561468 844361 396679 877202 554609 4294967295 89894 91712 989885 334578 448368 966600 493430 164222 71092 844200 263428 670683 377880 224117 514091 668946 375097 4294967295 98898 586295 574393 671081 4294967295 487871 667946 391620 565750 238750 4294967295 813078 145027 357168 480925 736358 90336 

<iter = 37>
2148415733 2148418524 2148045461 2148179404 2147918993 2148184906 2147939185 2148356376 2147520186 2148046242 2148391892 2148084147 2148377249 2148103308 2148045815 2148230579 2148049067 2148052221 2148049462 2147519915 2147485824 2148415280 2147937911 2148393767 2148327032 2148370278 2147551947 2148263360 2148354714 2148205354 2147533522 2148369870 2148103477 2147964145 2147484530 2148185567 224263 87578 871568 4009 225116 478814 391655 904911 565484 541845 102903 2837 171663 159953 2148275500 957845 453447 368702 930567 915482 59844 544275 899809 882946 221339 882961 544202 556209 190 465131 4294967295 224 4294967295 586237 170638 292 514158 617923 535190 722935 112803 565750 584982 756529 892884 561735 998851 377628 237161 225065 722947 877391 458149 691005 983628 220539 236941 647772 876876 756694 484603 377483 116033 172887 605448 722495 480925 605213 533729 570227 564517 621280 481385 840220 115181 564958 327651 622262 997623 544187 877478 352770 341626 293551 465302 984400 514091 342481 780034 4294967295 4294967295 844361 

<iter = 38>
2148415733 2148418524 2148045461 2148179404 2147918993 2148184906 2147939185 2148356376 2147520186 2148046242 2148391892 2148084147 2148377249 2148103308 2148045815 2148230579 2148049067 2148052221 2148049462 2147519915 2147485824 2148415280 2147937911 2148393767 2148327032 2148370278 2147551947 2148263360 2148354714 2148205354 2147533522 2148369870 2148103477 2147964145 2147484530 2148185567 224263 2147571226 871568 4009 225116 478814 391655 904911 565484 541845 102903 2837 171663 159953 2148275500 957845 453447 368702 930567 915482 59844 544275 899809 882946 221339 882961 544202 556209 85718 140644 85273 888132 78295 89430 4294967295 544100 868249 696109 918854 876511 871048 851758 76794 868610 523764 911229 391253 844786 293551 487212 783120 842131 4294967295 862152 4294967295 869876 899898 670377 207680 747890 834368 805707 399143 269773 628092 205495 225947 1156 4294967295 393519 433396 393410 920710 394538 394812 432781 934098 257966 886056 62735 628450 839745 391413 511516 565086 597381 392185 253993 792391 252512 850023 930914 

<iter = 39>
2148415733 2148418524 2148045461 2148179404 2147918993 2148184906 2147939185 2148356376 2147520186 2148046242 2148391892 2148084147 2148377249 2148103308 2148045815 2148230579 2148049067 2148052221 2148049462 2147519915 2147485824 2148415280 2147937911 2148393767 2148327032 2148370278 2147551947 2148263360 2148354714 2148205354 2147533522 2148369870 2148103477 2147964145 2147484530 2148185567 2147707911 2147571226 871568 4009 225116 478814 391655 904911 565484 541845 102903 2837 171663 159953 2148275500 957845 453447 368702 930567 915482 59844 544275 899809 882946 221339 882961 544202 556209 223613 842594 4294967295 393843 225516 378543 561694 4294967295 628330 580841 942312 83502 879022 174399 563216 4294967295 831924 935838 185891 170816 170340 4294967295 706771 998753 563344 561295 621256 619353 309494 585328 170996 521791 872420 253957 670103 936681 156516 884622 451354 185607 351977 320846 238588 742033 764613 835314 955317 487155 935102 898024 919197 764484 999945 585959 400283 928461 971131 999209 579317 160782 62735 338040 68581 254318 

<iter = 40>
2148415733 2148418524 2148045461 2148190419 2148179404 2147918993 2148184906 2147939185 2148356376 2147520186 2148046242 2148391892 2148084147 2148377249 2148103308 2148045815 2148230579 2148049067 2148052221 2148049462 2147519915 2147485824 2148415280 2147937911 2148393767 2148327032 2148370278 2147551947 2148263360 2148354714 2148205354 2147533522 2147964145 2148369870 2148185567 2148103477 2147571226 2147484530 4009 2147707911 478814 871568 904911 225116 541845 391655 2837 565484 159953 102903 957845 171663 368702 2148275500 915482 453447 544275 930567 882946 59844 882961 899809 556209 221339 708177 706750 707219 878768 708021 400283 564454 158920 627826 861719 92580 703749 377628 971131 869332 178778 377461 847293 87759 577840 310092 627989 69911 294458 312288 191430 932200 584982 782758 4294967295 868889 914788 930914 399853 945217 564605 982192 224810 868043 225062 942312 631047 872013 708183 746238 864757 251771 76976 340883 377483 435863 309494 722040 993710 422320 629396 563216 574941 232908 984404 748232 628060 524255 225376 

<iter = 41>
2148415733 2148418524 2148045461 2148191825 2148190419 2148179404 2147918993 2148184906 2147939185 2148356376 2147520186 2148046242 2148391892 2148084147 2148377249 2148103308 2148045815 2148230579 2148049067 2148052221 2148049462 2147519915 2147485824 2148415280 2147937911 2148393767 2148327032 2148370278 2147551947 2148263360 2148354714 2148205354 2148369870 2147533522 2148103477 2147964145 2147484530 2148185567 2147707911 2147571226 871568 4009 225116 478814 391655 904911 565484 541845 102903 2837 171663 159953 2148275500 957845 453447 368702 930567 915482 59844 544275 899809 882946 221339 882961 4294967295 594169 763233 14030 707219 847293 63349 703749 595122 390109 294458 627826 586028 722642 580876 571476 883517 933863 997623 881589 312288 584982 878768 932200 782758 869405 587804 577840 95139 998559 191430 377483 338911 251771 993565 582250 36002 864757 377461 813701 313454 933446 261167 61061 400283 982192 967134 544357 596448 141351 361496 36139 785802 868043 594139 625122 405007 119611 564454 483474 636775 594863 629396 13995 

<iter = 42>
2148415733 2148418524 2148045461 2148191825 2148190419 2148179404 2147918993 2148184906 2147939185 2148356376 2147520186 2148046242 2148391892 2148084147 2148377249 2148103308 2148045815 2148230579 2148049067 2148052221 2148049462 2147519915 2147485824 2148415280 2147937911 2148393767 2148206290 2148327032 2148370278 2147551947 2148263360 2148354714 2147533522 2148205354 2147964145 2148369870 2148185567 2148103477 2147571226 2147484530 4009 2147707911 478814 871568 904911 225116 541845 391655 2837 565484 159953 102903 957845 171663 368702 2148275500 915482 453447 544275 930567 882946 59844 882961 899809 722756 756694 403035 458772 899437 722893 756529 398306 933863 110416 211085 879897 594139 13721 875747 394220 923532 435125 918999 392372 102800 732473 722714 876876 391667 130227 436668 821094 69393 730785 865605 732630 887737 704691 236119 3947 235666 623234 963800 137510 4294967295 880321 844046 242120 532762 580043 394605 538766 901926 229453 533874 560984 175517 963309 998620 15892 268337 204059 622753 125529 618066 987920 173515 466128 

<iter = 43>
2148415733 2148418524 2148045461 2148191825 2148190419 2148179404 2147918993 2148184906 2147939185 2148356376 2147520186 2148046242 2148391892 2148084147 2148377249 2148103308 2148045815 2148230579 2148049067 2148052221 2148049462 2147519915 2147485824 2148415280 2147937911 2148393767 2148206290 2148327032 2148370278 2147551947 2148263360 2148354714 2147533522 2148205354 2147964145 2148369870 2148185567 2148103477 2147571226 2147484530 2147487657 2147707911 478814 871568 904911 225116 541845 391655 2837 565484 159953 102903 957845 171663 368702 2148275500 915482 453447 544275 930567 882946 59844 882961 899809 999020 267044 617159 4294967295 489261 14353 895187 584982 509096 413612 629396 284193 926367 750835 977991 184957 15086 663451 320946 478167 202766 16184 2039 999462 664793 807397 178778 148617 488711 466449 732186 607933 4294967295 179363 137239 704117 964094 490845 945881 508521 708183 184373 244115 689071 628921 981092 590748 244102 331675 664729 664191 394954 861741 308692 988993 681994 310862 51835 490692 697960 840549 840586 269215 374319 

<iter = 44>
2148415733 2148418524 2148045461 2148191825 2148190419 2148179404 2147918993 2148184906 2147939185 2148356376 2147520186 2148046242 2148391892 2148084147 2148377249 2148103308 2148045815 2148230579 2148049067 2148052221 2148049462 2147519915 2147485824 2148415280 2147937911 2148393767 2148206290 2148327032 2148370278 2147551947 2148263360 2148354714 2147533522 2148205354 2147964145 2148369870 2148185567 2148103477 2147571226 2147484530 2147487657 2147707911 478814 2148355216 904911 225116 541845 391655 2837 565484 159953 102903 957845 171663 368702 2148275500 915482 453447 544275 930567 882946 59844 882961 899809 4294967295 21655 223825 929241 237161 722935 79968 454909 264161 66847 329902 754859 997919 453970 132336 199883 603674 929158 80046 886658 564111 54960 236941 997336 544680 772110 724657 863955 264092 377461 538699 267587 988166 158311 496568 4294967295 703365 593937 862992 917271 21438 20730 4294967295 843809 393398 482562 929133 887093 235666 560910 131006 562521 886361 161141 4294967295 494472 4294967295 236119 499283 69981 69341 871721 589542 232379 

<iter = 45>
2148415733 2148418524 2148045461 2148191825 2148190419 2148179404 2147918993 2148184906 2147939185 2148356376 2147520186 2148046242 2148391892 2148084147 2148377249 2148103308 2148045815 2148230579 2148049067 2148052221 2148049462 2147519915 2147485824 2148415280 2147937911 2148393767 2148206290 2148327032 2148370278 2147551947 2148263360 2148354714 2147533522 2148205354 2147964145 2148369870 2148185567 2148103477 2147571226 2147484530 2147487657 2147707911 2147962462 2148355216 904911 225116 541845 391655 2837 565484 159953 102903 957845 171663 368702 2148275500 915482 453447 544275 930567 882946 59844 882961 899809 478742 91712 66870 70636 122043 626873 368776 4294967295 684790 75868 533884 220246 4294967295 486457 475106 69998 601938 834653 957948 236647 325658 271301 502705 871600 725775 863252 528320 474895 551452 563588 741522 71559 180875 399413 343213 573636 11980 192485 927162 727687 413758 91367 221066 487046 588785 860250 347939 582912 232364 502016 320829 152431 691666 708450 492011 563995 355223 581615 288099 927170 984909 766926 538785 403305 

<iter = 46>
2148415733 2148418524 2148045461 2148191825 2148190419 2148179404 2147918993 2148184906 2147939185 2148356376 2147520186 2148046242 2148391892 2148084147 2148377249 2148103308 2148045815 2148230579 2148049067 2147720295 2148052221 2148049462 2147519915 2147485824 2148415280 2147937911 2148393767 2148206290 2148327032 2148370278 2147551947 2148263360 2148205354 2148354714 2148369870 2147533522 2148103477 2147964145 2147484530 2148185567 2147707911 2147571226 2148355216 2147487657 225116 2147962462 391655 904911 565484 541845 102903 2837 171663 159953 2148275500 957845 453447 368702 930567 915482 59844 544275 899809 882946 236029 727687 911485 938796 666557 561694 832287 771025 142934 958426 390643 619983 625014 4294967295 4294967295 658952 143206 861315 225090 83999 420 288099 118469 533263 394507 919696 204774 934232 195905 748798 390437 777478 1710 817924 143148 953014 875078 820031 527813 327786 999945 753244 146870 274721 533925 574941 575781 876795 617092 354812 737044 312398 551160 487046 929408 247634 689515 836591 303765 270132 205854 686089 486428 727278 

<iter = 47>
2148415733 2148418524 2148045461 2148191825 2148190419 2148179404 2147918993 2148184906 2147939185 2148356376 2147520186 2148046242 2148391892 2148084147 2148377249 2148103308 2148045815 2148230579 2148049067 2147720295 2148052221 2148049462 2147519915 2147485824 2148415280 2147937911 2148393767 2148206290 2148327032 2148370278 2147551947 2148263360 2148205354 2148354714 2148369870 2147533522 2148103477 2147964145 2147484530 2148185567 2147707911 2147571226 2148355216 2147487657 2147708764 2147962462 391655 904911 565484 541845 102903 2837 171663 159953 2148275500 957845 453447 368702 930567 915482 59844 544275 899809 882946 223825 970616 213779 560910 545598 992418 586295 4294967295 225769 163978 533480 294078 293551 4294967295 20822 597381 636951 868220 987393 283051 721180 120785 26131 161141 929677 902846 680874 915419 4294967295 621256 834368 465294 587133 729513 740119 844167 800130 840101 734237 303623 800651 104122 441606 670103 296516 747020 629490 925153 303734 155012 708450 535726 678323 701442 736734 544801 622687 991485 621847 969335 900144 382563 390737 957975 

<iter = 48>
2148415733 2148418524 2148045461 2148191825 2148190419 2148179404 2147918993 2148184906 2147939185 2148356376 2147520186 2148046242 2148391892 2148084147 2148377249 2148103308 2148045815 2148230579 2148049067 2147720295 2148052221 2148049462 2147519915 2147485824 2148415280 2147937911 2148393767 2148206290 2148327032 2148370278 2147551947 2148263360 2148205354 2148354714 2148369870 2147533522 2148103477 2147964145 2147484530 2148185567 2147707911 2147571226 2148355216 2147487657 2147708764 2147962462 391655 2148388559 565484 541845 102903 2837 171663 159953 2148275500 957845 453447 368702 930567 915482 59844 544275 899809 882946 60771 810366 904681 705119 681416 722837 681451 795892 546257 888132 516029 94498 312288 315099 287565 801658 424509 485518 810267 4294967295 16361 16153 62390 257966 899745 564065 565127 861136 911801 536069 627989 98627 508382 698118 988897 402335 542904 12993 631492 174301 884195 377594 162024 504598 13483 14920 127930 180040 458149 619471 956451 245147 935178 74996 594162 749175 432144 986295 626275 183790 769816 564474 244266 955881 

<iter = 49>
2148415733 2148418524 2148045461 2148191825 2148190419 2148179404 2147918993 2148184906 2147939185 2148356376 2147520186 2148046242 2148391892 2148084147 2148377249 2148103308 2148045815 2148230579 2148049067 2147720295 2148052221 2148049462 2147519915 2147485824 2148415280 2147937911 2148393767 2148206290 2148327032 2148370278 2147551947 2148263360 2148205354 2148354714 2148369870 2147533522 2148103477 2147964145 2147484530 2148185567 2147707911 2147571226 2148355216 2147487657 2147708764 2147962462 2147875303 2148388559 565484 541845 102903 2837 171663 159953 2148275500 957845 453447 368702 930567 915482 59844 544275 899809 882946 391082 483127 226575 503440 511190 474132 373645 707008 931087 420639 841936 480765 16155 400253 710917 4294967295 694289 474078 894974 138807 454389 726055 982379 511343 839928 59962 60769 878541 712278 882943 207871 390465 539150 527639 628481 872047 594473 629028 4064 120385 728417 263877 173435 532323 729530 679262 976256 396042 4294967295 158608 494029 835854 207810 63680 69607 711893 491758 926470 238588 696109 488711 398492 745404 8000 

<iter = 50>
2148415733 2148418524 2148045461 2148191825 2148190419 2148179404 2147918993 2148184906 2147939185 2148356376 2147520186 2148046242 2148391892 2148084147 2148377249 2148103308 2148045815 2148230579 2148049067 2147720295 2148052221 2148049462 2147519915 2147485824 2148415280 2147937911 2148393767 2148206290 2148327032 2148370278 2147551947 2148263360 2148205354 2148354714 2148369870 2147533522 2148103477 2147964145 2147484530 2148185567 2147707911 2147571226 2148355216 2147487657 2147708764 2147962462 2147875303 2148388559 565484 2148025493 102903 2837 171663 159953 2148275500 957845 453447 368702 930567 915482 59844 544275 899809 882946 885796 871056 63349 223589 885872 208423 670169 930914 387396 208494 920028 156516 772327 522260 64714 183334 931035 541872 912241 746690 850199 879319 826570 913649 379656 668082 750221 522367 223613 877789 474593 904806 868043 879805 997016 214391 837310 875999 56039 925875 4294967295 41178 736349 842587 4294967295 309111 328011 589801 871452 465407 935838 548791 932673 607131 869332 906494 923811 595438 563515 978223 264473 265561 200195 201283 

<iter = 51>
2148415733 2148418524 2148045461 2148191825 2148190419 2148179404 2147918993 2148184906 2147939185 2148356376 2147520186 2148046242 2148391892 2148084147 2148377249 2148103308 2148045815 2148230579 2148049067 2147720295 2148052221 2148049462 2147519915 2147485824 2148415280 2147937911 2148393767 2148206290 2148327032 2148370278 2147551947 2148263360 2148205354 2148354714 2148369870 2147533522 2148103477 2147964145 2147484530 2148185567 2147707911 2147571226 2148355216 2147487657 2147708764 2147962462 2147875303 2148388559 2148049132 2148025493 102903 2837 171663 159953 2148275500 957845 453447 368702 930567 915482 59844 544275 899809 882946 225111 223869 869715 488612 58963 565360 607297 541788 738779 683504 4294967295 11217 424708 562248 678385 514091 561112 518816 683684 226449 480925 869812 730997 868925 72556 560953 885665 840365 372773 678768 224571 224572 491960 817767 184167 474078 393676 988548 72288 220046 11980 384196 985323 233978 11255 113616 679042 664875 879793 398336 528084 266288 202010 239229 816374 250854 508439 817796 134295 266912 202634 268800 822737 204522 

<iter = 52>
2148415733 2148418524 2148045461 2148191825 2148190419 2148179404 2147918993 2148184906 2147939185 2148356376 2147520186 2148046242 2148391892 2148084147 2148377249 2148103308 2148045815 2148230579 2148049067 2147720295 2148052221 2148049462 2147519915 2147485824 2148415280 2147937911 2148393767 2148206290 2148327032 2148370278 2147551947 2148263360 2148205354 2148354714 2148369870 2147533522 2148103477 2147964145 2147484530 2148185567 2147707911 2147571226 2148355216 2147487657 2147708764 2147962462 2147875303 2148388559 2148049132 2148025493 102903 2147486485 171663 159953 2148275500 957845 453447 368702 930567 915482 59844 544275 899809 882946 1710 256983 965887 753110 581439 201884 2436 876972 158640 4294967295 749602 574941 579244 266162 997664 625469 4294967295 4294967295 394901 748844 576324 145400 394196 448787 172623 159015 765811 474721 132153 190 306368 704705 327250 762439 998896 4294967295 534232 652079 2136 605112 263816 625014 4294967295 601705 224133 710939 373288 133275 187588 551678 146870 357609 744920 54166 357877 358269 732041 571593 376039 365700 144141 301211 311908 951530 

<iter = 53>
2148415733 2148418524 2148045461 2148191825 2148190419 2148179404 2147918993 2148184906 2147939185 2148356376 2147520186 2148046242 2148391892 2148084147 2148377249 2148103308 2148045815 2148230579 2148049067 2147720295 2148052221 2148049462 2147519915 2147485824 2148415280 2147937911 2148393767 2148206290 2148327032 2148370278 2147551947 2148263360 2148205354 2148354714 2148369870 2147533522 2148103477 2147964145 2147484530 2148185567 2147707911 2147571226 2148355216 2147487657 2147708764 2147962462 2147875303 2148388559 2148049132 2148025493 2147586551 2147486485 171663 159953 2148275500 957845 453447 368702 930567 915482 59844 544275 899809 882946 863299 127480 906766 666426 108710 499423 603245 497060 977398 36588 986323 989030 867987 559184 667757 61369 920542 862017 907693 126613 677888 716169 921077 110945 224849 479858 12840 128642 307757 10434 868363 690201 4294967295 886265 708573 986063 4294967295 679865 316385 207099 268262 203984 918827 207444 462696 480267 767461 12810 494322 478452 619111 224165 391103 215015 712045 708300 629882 458520 12980 449600 212699 909407 894500 923862 

<iter = 54>
2148415733 2148418524 2148045461 2148191825 2148190419 2148179404 2147918993 2148184906 2147939185 2148356376 2147520186 2148046242 2148391892 2148084147 2148377249 2148103308 2148045815 2148230579 2148049067 2147720295 2148052221 2148049462 2147519915 2147485824 2148415280 2147937911 2148393767 2148206290 2148327032 2148370278 2147551947 2148263360 2148205354 2148354714 2148369870 2147533522 2148103477 2147964145 2147484530 2148185567 2147707911 2147571226 2148355216 2147487657 2147708764 2147962462 2147875303 2148388559 2148049132 2148025493 2147586551 2147486485 171663 2147643601 2148275500 957845 453447 368702 930567 915482 59844 544275 899809 882946 158640 158759 4294967295 4294967295 514158 556171 14624 394129 831976 207975 565104 555682 835683 225571 159499 993710 540113 629511 528323 876972 235381 834312 605771 233545 237503 87759 734697 619979 561694 659206 816 295984 288444 192380 135044 192256 709999 801231 120785 619559 411680 660942 935284 601705 351117 571575 227649 778652 349270 14538 710049 509096 304081 231671 147742 237888 744920 708525 133812 12733 349637 748729 4294967295 116031 

<iter = 55>
2148415733 2148418524 2148045461 2148191825 2148190419 2148179404 2147918993 2148184906 2147939185 2148356376 2147520186 2148046242 2148391892 2148084147 2148377249 2148103308 2148045815 2148230579 2148049067 2147720295 2148052221 2148049462 2147519915 2147485824 2148415280 2147937911 2148393767 2148206290 2148327032 2148370278 2147551947 2148263360 2148205354 2148354714 2148369870 2147533522 2148103477 2147964145 2147484530 2148185567 2147707911 2147571226 2148355216 2147487657 2147708764 2147962462 2147875303 2148388559 2148049132 2148025493 2147586551 2147486485 2147655311 2147643601 2148275500 957845 453447 368702 930567 915482 59844 544275 899809 882946 843043 647422 543485 722514 385415 842904 561338 277780 696634 721370 402815 396972 390261 915146 750221 198964 63501 762300 568111 977278 381015 153146 939838 826570 886359 382581 931721 184006 4294967295 195854 4294967295 870961 753423 690376 244304 823103 684010 14953 12968 174451 304441 798974 177397 564264 685576 835660 543387 257420 243764 862823 490859 491758 564716 4294967295 63430 846629 171153 401824 178056 562556 564191 374319 579244 568071 

<iter = 56>
2148415733 2148418524 2148045461 2148191825 2148190419 2148179404 2147918993 2148184906 2147939185 2148356376 2147520186 2148046242 2148391892 2148084147 2148377249 2148103308 2148045815 2148230579 2148049067 2147720295 2148052221 2148049462 2147519915 2147485824 2148415280 2147937911 2148393767 2148206290 2148327032 2148370278 2147551947 2148263360 2148205354 2148354714 2148369870 2147533522 2148103477 2147964145 2147484530 2148185567 2147707911 2147571226 2148355216 2147487657 2147708764 2147962462 2147875303 2148388559 2148049132 2148025493 2147586551 2147486485 2147655311 2147643601 2148275500 2148441493 453447 368702 930567 915482 59844 544275 899809 882946 957975 761433 223866 957948 656997 703631 832101 990410 923811 563216 88697 122821 437552 95139 62735 531230 782458 94498 853686 967110 4294967295 594656 522228 867917 831924 406016 4294967295 900988 595094 900464 925275 394220 935116 184974 629490 105524 170644 569697 800683 902624 391932 49888 618937 682025 887209 687627 686417 546081 546257 131197 685485 40606 4294967295 879897 375247 564474 832326 666097 966746 16619 91348 277593 198777 771025 

<iter = 57>
2148415733 2148418524 2148045461 2148191825 2148190419 2148179404 2147918993 2148184906 2147939185 2148356376 2147520186 2148046242 2148391892 2148084147 2148377249 2148103308 2148045815 2148230579 2148049067 2147720295 2148052221 2148049462 2147519915 2147485824 2148415280 2147937911 2148393767 2148206290 2148327032 2148370278 2147551947 2148263360 2148205354 2148354714 2148369870 2147533522 2148103477 2147964145 2147484530 2148185567 2147707911 2147571226 2148355216 2147487657 2147708764 2147962462 2147875303 2148388559 2148049132 2148025493 2147586551 2147486485 2147655311 2147643601 2148275500 2148441493 453447 2147852350 930567 915482 59844 544275 899809 882946 368186 242407 369820 4294967295 818409 859045 833796 69881 4294967295 617872 113788 494029 531711 824564 146936 22050 254815 565541 233104 904111 660159 561937 69393 178778 748993 235381 955126 660818 584503 72339 565550 433780 562432 563655 14297 16249 121421 491343 585465 904523 172252 243410 886361 583252 904134 117047 653896 171073 584075 908445 245848 821537 906631 392817 888959 21935 679408 561910 281714 692558 617979 907114 4294967295 955024 

<iter = 58>
2148415733 2148418524 2148045461 2148191825 2148190419 2148179404 2147918993 2148184906 2147939185 2148356376 2147520186 2148046242 2148391892 2148084147 2148377249 2148103308 2148045815 2148230579 2148049067 2147720295 2148052221 2148049462 2147519915 2147485824 2148415280 2147937911 2148393767 2148206290 2148327032 2148370278 2147551947 2148263360 2148205354 2148354714 2148369870 2147533522 2148103477 2147964145 2147484530 2148185567 2147707911 2147571226 2148355216 2147487657 2147708764 2147962462 2147875303 2148388559 2148049132 2148025493 2147586551 2147486485 2147655311 2147643601 2148275500 2148441493 2147937095 2147852350 930567 915482 59844 544275 899809 882946 453472 79098 394564 685753 848556 891455 454148 667889 132336 399097 4294967295 76613 880297 102162 4294967295 883551 874588 4294967295 957636 174794 981541 985442 123 690946 393690 670001 597288 255874 843306 705330 543524 863068 746823 368776 930698 932463 872411 581227 863799 21534 706325 955336 592899 592458 387710 591078 955317 579848 567466 670101 132016 462056 230072 4801 882106 957180 619244 597364 189255 4938 852839 190506 519346 124333 

<iter = 59>
2148415733 2148418524 2148045461 2148191825 2148190419 2148179404 2147918993 2148184906 2147939185 2148356376 2147520186 2148046242 2148391892 2148084147 2148377249 2148103308 2148045815 2148230579 2148049067 2147720295 2148052221 2148049462 2147519915 2147485824 2148415280 2147937911 2148393767 2148206290 2148327032 2148370278 2147551947 2148263360 2148205354 2148354714 2148369870 2147533522 2148103477 2147964145 2147484530 2148185567 2147707911 2147571226 2148355216 2147487657 2147708764 2147962462 2147875303 2148388559 2148049132 2148025493 2147586551 2147486485 2147655311 2147643601 2148275500 2148441493 2147937095 2147852350 930567 2148399130 59844 544275 899809 882946 4294967295 266636 542415 750038 4294967295 399440 225065 912346 198960 696612 565750 202358 858065 933010 398806 390994 129645 424708 909318 913430 277776 886658 721370 236941 919320 4294967295 60426 224619 143341 586295 552581 4294967295 896233 849246 897027 147848 906136 553378 392716 553529 647677 405764 865591 553441 958426 522517 127933 314245 457924 552762 142883 697391 505619 552936 4294967295 148938 237161 917136 269845 205567 933207 751236 561465 98054 

<iter = 60>
2148415733 2148418524 2148045461 2148191825 2148190419 2148179404 2147918993 2148184906 2147939185 2148356376 2147520186 2148046242 2148391892 2148084147 2148377249 2148103308 2148045815 2148230579 2148049067 2147720295 2148052221 2148049462 2147519915 2147485824 2148415280 2147937911 2148393767 2148206290 2148327032 2148370278 2147551947 2148263360 2148205354 2148354714 2148369870 2147533522 2148103477 2147964145 2147484530 2148185567 2147707911 2147571226 2148355216 2147487657 2147708764 2147962462 2147875303 2148388559 2148049132 2148025493 2147586551 2147486485 2147655311 2147643601 2148275500 2148441493 2147937095 2147852350 2148414215 2148399130 59844 544275 899809 882946 480765 871048 88415 884638 839751 4294967295 542379 876909 729106 251583 977462 608469 227068 4294967295 929294 710644 539351 840306 982442 919319 665711 502632 488725 876536 989762 862380 13004 293551 539376 207777 925561 666231 636464 983058 490170 868495 181050 470293 114165 15086 254464 113788 707387 131066 710839 623778 403442 162626 932865 13570 638181 929453 334669 251989 249683 845722 237269 694245 615104 564716 484213 866255 252501 931959 

<iter = 61>
2148415733 2148418524 2148045461 2148191825 2148190419 2148179404 2147918993 2148184906 2147939185 2148356376 2147520186 2148046242 2148391892 2148084147 2148377249 2148103308 2148045815 2148230579 2148049067 2147720295 2148052221 2148049462 2147519915 2147485824 2148415280 2147937911 2148393767 2148206290 2148327032 2148370278 2147551947 2148263360 2148205354 2148354714 2148369870 2147533522 2148103477 2147964145 2147484530 2148185567 2147707911 2147571226 2148355216 2147487657 2147708764 2147962462 2147875303 2148388559 2148049132 2148025493 2147586551 2147486485 2147655311 2147643601 2148275500 2148441493 2147937095 2147852350 2148414215 2148399130 59844 2148027923 899809 882946 544187 514091 876929 900144 998050 544202 780034 858929 98054 885821 4294967295 835683 341626 4294967295 254207 408826 544546 540270 405699 876856 834312 190 58118 272469 899898 560205 876850 544701 121933 480925 932068 604671 800130 564532 646074 897176 271288 192472 528935 575137 879793 680364 113616 931822 13004 317433 561367 270179 205901 215135 512207 746238 4294967295 931722 16429 560910 810489 685806 931948 88584 564731 874836 678799 4294967295 

<iter = 62>
2148415733 2148418524 2148045461 2148191825 2148190419 2148179404 2147918993 2148184906 2147939185 2148356376 2147520186 2148046242 2148391892 2148084147 2148377249 2148103308 2148045815 2148230579 2148049067 2147720295 2148052221 2148049462 2147519915 2147485824 2148415280 2147937911 2148393767 2148206290 2148327032 2148370278 2147551947 2148263360 2148205354 2148354714 2148369870 2147533522 2148103477 2147964145 2147484530 2148185567 2147707911 2147571226 2148355216 2147487657 2147708764 2147962462 2147875303 2148388559 2148049132 2148025493 2147586551 2147486485 2147655311 2147643601 2148275500 2148441493 2147937095 2147852350 2148414215 2148399130 2147543492 2148027923 899809 882946 60433 69341 204097 72306 270791 732093 268375 4294967295 71092 899851 521918 607933 166355 164222 772327 249242 113698 988993 565750 619559 621280 568111 14353 920413 206513 271804 16932 670459 688411 480925 861173 352944 167841 266162 201884 920498 4294967295 399413 916403 4294967295 535190 144314 208771 746238 564961 72285 289283 270075 205797 222136 669163 362027 691885 146799 4294967295 236451 631033 72527 958426 70105 241229 505619 244633 984909 

<iter = 63>
2148415733 2148418524 2148045461 2148191825 2148190419 2148179404 2147918993 2148184906 2147939185 2148356376 2147520186 2148046242 2148391892 2148084147 2148377249 2148103308 2148045815 2148230579 2148049067 2147720295 2148052221 2148049462 2147519915 2147485824 2148415280 2147937911 2148393767 2148206290 2148327032 2148370278 2147551947 2148263360 2148205354 2148354714 2148369870 2147533522 2148103477 2147964145 2147484530 2148185567 2147707911 2147571226 2148355216 2147487657 2147708764 2147962462 2147875303 2148388559 2148049132 2148025493 2147586551 2147486485 2147655311 2147643601 2148275500 2148441493 2147937095 2147852350 2148414215 2148399130 2147543492 2148027923 899809 2148366594 264980 436743 691666 420004 565898 200702 594570 872136 212172 833811 779299 876490 562350 58212 322550 976414 564157 4294967295 732630 273520 806773 406804 18064 391651 882943 980077 631112 113492 112891 868220 194704 90051 595042 213638 882961 207847 561411 987038 879897 691156 890759 407393 973617 807032 617656 183165 804946 834834 891455 578401 69157 779317 13612 877789 207785 987140 888098 989762 611109 169365 164088 915645 220005 564958 

<iter = 64>
2148415733 2148418524 2148045461 2148191825 2148190419 2148179404 2147918993 2148184906 2147939185 2148356376 2147520186 2148046242 2148391892 2148084147 2148377249 2148103308 2148045815 2148230579 2148049067 2147720295 2148052221 2148049462 2147519915 2147485824 2148415280 2147937911 2148393767 2148206290 2148327032 2148370278 2147551947 2148263360 2148205354 2148354714 2148369870 2147533522 2148103477 2147964145 2147484530 2148185567 2147707911 2147571226 2148355216 2147487657 2147708764 2147962462 2147875303 2148388559 2148049132 2148025493 2147586551 2147486485 2147655311 2147643601 2148275500 2148441493 2147937095 2147852350 2148414215 2148399130 2147543492 2148027923 2148383457 2148366594 4294967295 374319 158759 386011 603331 210942 610269 421014 374617 4294967295 487028 996920 184006 701108 36160 478452 929411 158640 554609 563655 868891 929268 36467 880300 530338 789019 564313 136818 499423 703114 237902 554686 628117 973930 248908 29251 247584 27571 211814 263428 610309 921077 528323 561910 847004 374549 561320 577058 886120 133003 379177 251234 507201 225571 4294967295 556209 764203 629511 529150 379447 879703 36139 914346 142280 
query_id: 0, thread_id: 0, clk_init: 10858, 1st_distance: 367201, topk: 196799, reset_hash: 4818, pickup_parents: 35248, restore_hash: 3118, distance: 1186376
query_id: 0, thread_id: 63, clk_init: 10858, 1st_distance: 367203, topk: 176141, reset_hash: 25608, pickup_parents: 0, restore_hash: 62921, distance: 1186246
